NOTICE: The demo typing might not be accurate! This report is based on the length of a demo and not it's contents, so longer Type 3 demos might be classified as Type 4/5.

Type 1 (2.0 seconds):
	data10.dem: 1.2300000190734863
	data14.dem: 1.034999966621399
	data15.dem: 1.2899999618530273
	data19.dem: 0.8399999737739563
	data20.dem: 1.3199999332427979
	data21.dem: 1.5149999856948853
	data24.dem: 1.2300000190734863
	data28.dem: 1.2899999618530273
	data3.dem: 0.6449999809265137
	data31.dem: 1.125
	data39.dem: 0.9899999499320984
	data4.dem: 0.9749999642372131
	data40.dem: 1.2149999141693115
	data41.dem: 1.0649999380111694
	data44.dem: 1.559999942779541
	data48.dem: 1.1699999570846558
	data49.dem: 1.0499999523162842
	data51.dem: 1.5299999713897705
	data53.dem: 1.934999942779541
	data56.dem: 1.0649999380111694
	data59.dem: 1.3199999332427979
	data6.dem: 1.3650000095367432
	data64.dem: 1.0950000286102295
	data67.dem: 1.3949999809265137
	data68.dem: 0.9300000071525574
	data72.dem: 1.1699999570846558
	data73.dem: 1.2300000190734863
	data76.dem: 1.350000023841858
	data79.dem: 1.125
	data8.dem: 1.2450000047683716
	data81.dem: 1.7400000095367432
	data82.dem: 1.0199999809265137
	data83.dem: 0.9899999499320984
	data84.dem: 1.3650000095367432
	data9.dem: 1.2300000190734863

Type 2 (10.0 seconds):
	data.dem: 3.6599998474121094
	data13.dem: 9.119999885559082
	data16.dem: 7.679999828338623
	data2.dem: 7.875
	data22.dem: 6.960000038146973
	data26.dem: 6.974999904632568
	data27.dem: 7.484999656677246 	 <- This demo file uses a data map.	Map: data3
	data29.dem: 9.149999618530273
	data30.dem: 8.670000076293945 	 <- This demo file uses a data map.	Map: data4
	data32.dem: 6.764999866485596
	data33.dem: 7.724999904632568
	data34.dem: 8.234999656677246
	data35.dem: 8.085000038146973
	data36.dem: 8.819999694824219
	data37.dem: 6.509999752044678
	data38.dem: 8.90999984741211
	data42.dem: 9.734999656677246
	data45.dem: 8.984999656677246
	data47.dem: 8.220000267028809 	 <- This demo file uses a data map.	Map: data5
	data5.dem: 4.964999675750732
	data50.dem: 8.954999923706055
	data52.dem: 9.194999694824219
	data54.dem: 2.0850000381469727
	data55.dem: 5.204999923706055
	data57.dem: 6.105000019073486
	data61.dem: 5.984999656677246
	data63.dem: 5.264999866485596
	data66.dem: 7.364999771118164
	data69.dem: 6.569999694824219
	data70.dem: 2.700000047683716
	data71.dem: 7.244999885559082
	data75.dem: 7.919999599456787
	data77.dem: 7.00499963760376
	data78.dem: 7.00499963760376
	data80.dem: 8.625
	data85.dem: 4.619999885559082

Type 3 (20.0 seconds):
	data17.dem: 10.125 	 				<- This demo file uses a data map.	Map: data
	data23.dem: 14.774999618530273 	 <- This demo file uses a data map.	Map: data2
	data62.dem: 10.934999465942383
	data7.dem: 14.174999237060547

Type 4/5 (+20.0 seconds):
	data11.dem: 242.89498901367188
	data12.dem: 98.90999603271484
	data18.dem: 148.44000244140625
	data25.dem: 89.22000122070312
	data43.dem: 39.64500045776367
	data46.dem: 87.91500091552734
	data58.dem: 60.375
	data60.dem: 86.20500183105469
	data65.dem: 69.8699951171875 	 <- This demo file uses a data map.	Map: data6
	data74.dem: 135.80999755859375
	data86.dem: 146.83499145507812 	 <- This demo file uses a data map.	Map: data7
	test.dem: 63.75

